Q_diag: 0.000
R: 0.0000
QT_diag: 1000
ptb_coef: 0.00003
step_coef: 0.000001