1.01064067 3.21593619 4.76862362 5.34558552 5.60911740 4.37107463 4.21392342 2.44465752 1.81881068 -0.9783305 -3.0222590 -5.5142908 -9.1668333 -6.8550861 -6.7789363 -7.8590484 -8.1268219 -7.6064168 -6.7625936 -4.2638006 -0.8243623 2.73638967 5.97079891 6.51261521 5.04514932 3.61675761 1.43589257 0.40965137 3.36308603 6.67565342 
Q: 10.000
QT 240.00
R: 0.0000
ptb_coef: 0.0400
step_coef: 0.0033