Q_diag: 0.002
R: 0.0000
QT_diag: 500
ptb_coef: 0.00004
step_coef: 0.00001