Q_diag: 0.001
R: 0.0000
QT_diag: 400
ptb_coef: 0.00005
step_coef: 0.00001