Q_diag: 0.002
R: 0.0000
QT_diag: 1000
ptb_coef: 0.00005
step_coef: 0.000002